4294967278,122
4294967278,121
4294967278,111
4294967278,108
4294967278,105
4294967278,100
4294967278,86
4294967278,85
4294967278,81
4294967278,68
4294967278,410
4294967279,82
4294967279,342
4294967279,69
4294967279,65
4294967279,55
4294967279,339
4294967279,326
4294967278,244
4294967279,226
7533,6
7533,5
7533,4
7533,3
7533,2
7533,1
4294967279,327
4294967279,575
4294967278,417
7530,7
7530,6
7530,5
7530,4
7530,3
7530,2
7530,1
4294967294,178
4294967294,474
4294967279,191
4294967279,188
4294967278,367
4294967278,170
4294967278,372
4294967279,168
7526,6
7526,5
7526,4
7526,3
7526,2
7526,1
7524,6
4294967279,146
7524,5
7524,4
7524,3
7524,2
7524,1
7523,5
7523,4
7523,3
7523,2
7523,1
4294967279,336
7522,5
7522,4
7522,3
7522,2
7522,1
4294967294,473
4294967279,320
4294967294,1016
7521,5
7521,4
7521,3
7521,2
7521,1
4294967279,534
7519,4
7519,3
7519,2
7519,1
4294967279,531
4294967294,461
4294967278,351
4294967294,91
4294967294,90
4294967294,87
4294967294,85
4294967294,84
4294967294,76
4294967294,417
4294967294,51
4294967294,52
4294967294,82
4294967294,83
4294967294,11
4294967294,68
4294967278,129
4294967278,119
4294967278,82
4294967278,61
4294967278,59
4294967278,366
4294967279,37
4294967279,24
4294967279,15
4294967279,6
4294967279,377
4294967278,228
4294967279,223
7518,6
7518,5
4294967279,221
7518,4
7518,2
7518,1
4294967278,241
4294967279,219
4294967278,202
7515,7
7515,6
7515,5
7515,4
7515,3
7515,2
7515,1
4294967278,409
4294967279,294
4294967279,177
7511,6
4294967278,158
7511,5
7511,4
7511,3
7511,2
7511,1
4294967279,2
4294967278,356
4294967279,548
4294967279,571
7509,6
4294967279,347
7509,5
7509,4
7509,3
7509,2
7509,1
4294967278,358
7508,5
7508,4
7508,3
7508,2
7508,1
7507,5
7507,4
7507,3
7507,2
7507,1
7506,5
7506,4
7506,3
7506,2
7506,1
4294967279,569
4294967294,1098
7504,4
7504,3
7504,2
7504,1
0,7
4294967294,1
4294967294,0
4294967294,45
4294967294,44
4294967294,190
4294967294,46
4294967294,107
4294967294,50
4294967294,86
4294967294,1000
4294967294,28
4294967294,406
4294967294,462
4294967294,109
4294967294,2
4294967294,419
4294967294,1174
4294967294,1017
4294967294,27
4294967294,53
4294967294,1420
4294967294,96
4294967294,94
4294967294,9
4294967294,8
4294967294,22
4294967294,93
4294967294,95
4294967294,17
4294967294,42
4294967294,67
4294967294,99
4294967294,36
4294967294,39
4294967294,437
4294967294,394
4294967294,24
4294967294,25
4294967294,1018
4294967294,26
4294967294,92
4294967294,88
4294967294,81
4294967294,1101
4294967294,1415
4294967278,128
4294967278,127
4294967278,126
4294967278,124
4294967278,362
4294967278,114
4294967278,112
4294967278,110
4294967278,104
4294967278,103
4294967278,102
4294967278,101
4294967278,99
4294967278,97
4294967278,92
4294967278,75
4294967278,0
4294967278,388
4294967278,365
4294967279,524
4294967279,78
4294967279,331
4294967279,0
4294967279,9
4294967279,8
4294967278,113
4294967294,7
4294967294,6
4294967294,5
7503,6
7503,5
7503,4
7503,2
7503,1
4294967279,273
7500,7
4294967278,190
7500,6
7500,5
7500,4
7500,3
7500,2
7500,1
4294967279,572
4294967278,171
4294967278,166
7496,6
4294967279,251
4294967278,156
7496,5
7496,4
7496,3
7496,2
7496,1
4294967279,145
4294967278,145
7494,6
4294967279,323
7494,5
7494,4
7494,3
7494,2
7494,1
4294967279,135
7493,5
7493,4
7493,3
7493,2
7493,1
4294967278,357
4294967278,267
7492,5
7492,4
7492,3
7492,2
7492,1
7491,5
4294967294,1012
7491,4
7491,3
7491,2
7491,1
7489,4
7489,3
7489,2
7489,1
4294967278,355
4294967278,91
4294967278,89
4294967278,79
4294967278,77
4294967278,76
4294967278,360
4294967278,65
4294967278,216
7488,6
7488,5
7488,4
7488,2
7488,1
4294967279,207
4294967278,430
7485,7
7485,6
7485,5
7485,4
7485,3
7485,2
7485,1
4294967279,181
4294967279,180
4294967279,179
4294967279,175
4294967278,173
4294967278,169
4294967279,167
4294967279,165
4294967278,164
4294967278,386
7481,6
4294967279,150
4294967279,147
7481,5
7481,4
7481,3
7481,2
7481,1
4294967279,141
7479,6
4294967278,352
7479,5
7479,4
7479,3
7479,2
7479,1
4294967278,276
7478,5
7478,4
7478,3
7478,2
7478,1
7477,5
7477,4
7477,3
7477,2
7477,1
4294967294,1094
7476,5
7476,4
7476,3
7476,2
7476,1
4294967279,248
7474,4
7474,3
7474,2
7474,1
4294967278,337
4294967279,553
4294967278,221
4294967278,239
4294967278,349
4294967278,74
4294967278,73
4294967278,72
4294967278,70
4294967278,60
4294967278,353
4294967278,304
4294967278,227
4294967279,71
4294967279,557
4294967279,59
4294967279,559
4294967278,421
4294967278,336
4294967278,204
4294967278,398
4294967278,390
4294967278,177
7473,6
7473,5
7473,4
7473,2
7473,1
4294967279,166
4294967278,161
4294967278,162
4294967279,162
4294967278,151
7470,7
7470,6
7470,5
7470,4
7470,3
7470,2
7470,1
4294967278,142
4294967278,277
4294967279,136
4294967278,136
4294967294,410
4294967278,387
4294967278,288
4294967278,287
4294967279,265
4294967279,275
7466,6
4294967278,338
7466,5
7466,4
7466,3
7466,2
7466,1
4294967279,249
4294967279,522
7464,6
4294967279,243
4294967278,361
7464,5
7464,4
4294967279,236
7464,3
7464,2
7464,1
7463,5
4294967279,227
4294967279,225
7463,4
7463,3
7463,2
7463,1
4294967279,212
7462,5
4294967279,211
7462,4
7462,3
7462,2
7462,1
4294967278,447
7461,5
4294967278,203
7461,4
7461,3
7461,2
7461,1
4294967279,202
4294967294,1090
4294967294,176
4294967279,196
7459,4
7459,3
7459,2
7459,1
4294967278,191
4294967278,334
4294967278,325
4294967278,341
4294967278,340
4294967278,428
4294967279,285
4294967279,545
4294967279,57
4294967279,56
4294967279,45
4294967279,40
4294967279,570
4294967279,31
4294967279,26
4294967279,22
4294967279,21
4294967279,20
4294967279,260
4294967278,67
4294967278,66
4294967279,539
4294967278,346
4294967278,64
4294967278,176
7458,6
4294967278,160
7458,5
4294967279,160
7458,4
4294967278,159
7458,2
7458,1
4294967279,154
4294967278,154
4294967279,153
4294967279,152
4294967278,152
4294967279,149
4294967278,149
4294967278,146
4294967279,330
4294967279,140
4294967278,140
4294967294,1011
7455,7
7455,6
7455,5
7455,4
7455,3
7455,2
7455,1
4294967278,281
4294967279,266
7451,6
7451,5
7451,4
7451,3
7451,2
7451,1
4294967278,330
4294967278,224
4294967278,222
7449,6
7449,5
7449,4
7449,3
7449,2
7449,1
7448,5
7448,4
7448,3
7448,2
7448,1
7447,5
7447,4
7447,3
7447,2
7447,1
4294967278,422
4294967294,1418
7446,5
7446,4
4294967279,190
7446,3
7446,2
7446,1
4294967294,1421
4294967294,166
7444,4
7444,3
7444,2
7444,1
4294967278,284
4294967294,1009
4294967279,88
4294967293,131
4294967293,130
4294967293,129
4294967293,128
4294967293,127
4294967293,126
4294967293,125
4294967293,124
4294967293,123
4294967293,122
4294967293,121
4294967293,120
4294967293,119
4294967293,118
4294967293,117
4294967293,116
4294967293,115
4294967293,114
4294967293,113
4294967293,112
4294967293,111
4294967293,110
4294967293,109
4294967293,108
4294967293,107
4294967293,106
4294967293,105
4294967293,104
4294967293,103
4294967293,102
4294967293,101
4294967293,100
4294967293,99
4294967293,98
4294967293,97
4294967293,96
4294967293,95
4294967293,94
4294967293,93
4294967293,92
4294967293,91
4294967293,90
4294967293,89
4294967293,87
4294967293,86
4294967293,85
4294967293,84
4294967293,83
4294967293,82
4294967293,81
4294967293,80
4294967293,79
4294967293,78
4294967293,77
4294967293,76
4294967293,75
4294967293,74
4294967293,73
4294967293,72
4294967293,71
4294967293,70
4294967293,69
4294967293,68
4294967293,67
4294967293,66
4294967293,65
4294967293,64
4294967293,63
4294967293,62
4294967293,61
4294967293,60
4294967293,59
4294967293,58
4294967293,57
4294967293,56
4294967293,55
4294967293,54
4294967293,53
4294967293,52
4294967293,51
4294967293,50
4294967293,49
4294967293,48
4294967293,47
4294967293,46
4294967293,45
4294967293,44
4294967293,43
4294967293,42
4294967293,41
4294967293,40
4294967293,39
4294967293,38
4294967293,37
4294967293,36
4294967293,35
4294967293,34
4294967293,33
4294967293,32
4294967293,31
4294967293,30
4294967293,29
4294967293,28
4294967293,27
4294967293,26
4294967293,25
4294967293,24
4294967293,23
4294967293,22
4294967293,21
4294967293,20
4294967293,19
4294967293,18
4294967293,17
4294967293,16
4294967293,15
4294967293,14
4294967293,13
4294967293,12
4294967293,11
4294967293,10
4294967293,9
4294967293,8
4294967293,7
4294967293,6
4294967293,5
4294967293,4
4294967293,3
4294967278,329
4294967278,332
4294967278,331
4294967279,350
4294967279,125
4294967279,124
4294967279,120
4294967279,119
4294967279,117
4294967279,116
4294967279,115
4294967279,114
4294967279,112
4294967279,111
4294967279,110
4294967279,109
4294967279,108
4294967279,107
4294967279,106
4294967279,105
4294967279,102
4294967279,100
4294967279,99
4294967279,98
4294967279,97
4294967279,96
4294967279,95
4294967279,94
4294967279,93
4294967279,91
4294967279,87
4294967279,86
4294967279,85
4294967279,84
4294967279,83
4294967279,351
4294967278,317
4294967278,327
0,5
4294967294,1417
4294967278,150
4294967278,374
7443,6
7443,5
7443,4
7443,2
7443,1
4294967278,141
4294967278,139
4294967278,135
4294967278,134
7440,7
7440,6
7440,5
7440,4
7440,3
7440,2
7440,1
4294967279,525
7436,6
7436,5
7436,4
7436,3
7436,2
7436,1
4294967279,210
4294967278,209
4294967279,209
4294967279,205
4294967278,205
7434,6
4294967294,468
7434,5
4294967279,201
7434,4
7434,3
7434,2
7434,1
7433,5
4294967279,195
7433,4
4294967278,193
7433,3
7433,2
7433,1
7432,5
7432,4
7432,3
7432,2
7432,1
7431,5
7431,4
7431,3
7431,2
7431,1
4294967279,176
4294967278,322
4294967278,321
4294967279,126
4294967279,123
4294967279,122
4294967279,121
4294967279,118
4294967279,113
4294967279,104
4294967279,103
4294967279,101
4294967279,92
4294967279,90
4294967279,89
4294967279,549
4294967279,527
4294967279,528
4294967278,172
4294967278,168
4294967278,371
4294967278,165
7429,4
7429,3
7429,2
7429,1
4294967279,530
4294967278,323
7428,6
7428,5
7428,4
7428,2
7428,1
4294967278,274
4294967278,273
4294967278,314
7425,7
7425,6
7425,5
7425,4
7425,3
7425,2
7425,1
4294967279,526
4294967279,338
7421,6
7421,5
7421,4
7421,3
7421,2
7421,1
7419,6
7419,5
7419,4
7419,3
7419,2
7419,1
4294967294,1013
7418,5
7418,4
7418,3
7418,2
7418,1
7417,5
7417,4
7417,3
7417,2
7417,1
7416,5
7416,4
7416,3
7416,2
7416,1
7414,4
7414,3
7414,2
7414,1
4294967279,228
4294967278,439
4294967294,408
7413,6
7413,5
7413,4
7413,2
7413,1
4294967278,345
7410,7
7410,6
7410,5
7410,4
7410,3
7410,2
7410,1
4294967294,421
4294967294,996
7406,6
7406,5
7406,4
7406,3
7406,2
7406,1
7404,6
7404,5
7404,4
7404,3
7404,2
7404,1
7403,5
7403,4
7403,3
7403,2
7403,1
7402,5
7402,4
7402,3
7402,2
7402,1
7401,5
7401,4
7401,3
7401,2
7401,1
4294967278,316
7399,4
4294967279,144
7399,3
7399,2
7399,1
7398,6
7398,5
7398,4
7398,2
7398,1
4294967278,275
4294967278,344
4294967294,184
4294967294,459
7395,7
7395,6
7395,5
7395,4
7395,3
7395,2
7395,1
7391,6
7391,5
7391,4
7391,3
7391,2
7391,1
7389,6
4294967294,1088
4294967294,162
7389,5
7389,4
7389,3
7389,2
7389,1
7388,5
7388,4
7388,3
7388,2
7388,1
7387,5
7387,4
7387,3
7387,2
7387,1
4294967278,403
7386,5
7386,4
7386,3
7386,2
7386,1
4294967294,444
7384,4
7384,3
7384,2
7384,1
4294967278,411
4294967279,262
4294967278,401
4294967278,261
4294967278,342
4294967278,368
7383,6
7383,5
7383,4
7383,2
7383,1
4294967279,520
4294967278,350
4294967279,518
7380,7
7380,6
7380,5
7380,4
7380,3
7380,2
7380,1
4294967294,170
4294967278,192
4294967279,189
4294967294,1171
7376,6
7376,5
7376,4
7376,3
7376,2
7376,1
7374,6
7374,5
4294967294,480
4294967279,547
7374,4
7374,3
7374,2
7374,1
7373,5
7373,4
7373,3
7373,2
7373,1
7372,5
7372,4
7372,3
7372,2
7372,1
7371,5
7371,4
7371,3
7371,2
7371,1
4294967278,268
4294967278,311
7369,4
7369,3
7369,2
7369,1
4294967279,564
4294967294,393
4294967279,563
4294967279,562
4294967278,313
7368,6
7368,5
7368,4
7368,2
7368,1
4294967294,161
4294967294,995
4294967294,1008
4294967279,383
7365,7
7365,6
7365,5
7365,4
7365,3
7365,2
7365,1
4294967278,335
4294967279,512
4294967279,560
7361,6
4294967294,108
4294967279,519
4294967279,159
7361,5
7361,4
7361,3
7361,2
7361,1
7359,6
7359,5
7359,4
7359,3
7359,2
7359,1
4294967278,308
7358,5
7358,4
7358,3
7358,2
7358,1
4294967278,269
7357,5
7357,4
7357,3
7357,2
7357,1
4294967279,353
4294967278,333
7356,5
7356,4
4294967279,257
7356,3
7356,2
7356,1
4294967279,555
4294967278,285
4294967278,262
4294967294,165
7354,4
7354,3
7354,2
7354,1
4294967279,513
4294967279,343
4294967279,551
7353,6
7353,5
7353,4
7353,2
7353,1
7350,7
7350,6
7350,5
7350,4
7350,3
7350,2
7350,1
4294967278,328
4294967279,517
4294967279,378
4294967278,324
4294967278,163
7346,6
7346,5
7346,4
7346,3
7346,2
